62
44
45
46
47
48
49
50
51
52
53
10
54
55
11
56
12
57
13
14
58
15
59
16
17
18
19
0
1
2
3
4
5
6
7
8
9
60
61
20
21
22
23
24
25
26
27
28
29
30
31
32
33
34
35
36
37
38
39
40
41
42
43
0 52
0 38
0 56
0 28
1 34
1 20
1 21
1 6
1 55
1 7
1 39
1 24
1 41
1 42
1 47
2 5
2 61
3 48
3 38
3 26
3 10
3 60
3 46
4 16
5 52
6 18
6 51
6 22
6 38
6 7
6 60
7 39
7 24
7 41
7 42
7 12
7 13
7 30
7 47
8 18
8 56
8 58
8 47
9 37
9 61
10 26
10 28
10 60
10 47
11 16
11 32
11 17
11 33
11 25
11 27
11 59
12 20
14 32
14 31
15 51
16 32
16 17
16 35
16 23
16 57
16 59
16 31
17 32
17 50
17 35
17 23
17 59
17 31
18 51
18 52
18 22
18 55
18 56
18 26
18 42
18 58
18 29
18 61
19 56
20 21
20 24
20 26
20 42
20 58
21 34
21 54
21 29
22 51
22 38
22 55
22 56
23 32
23 49
23 35
23 40
23 27
23 43
23 45
24 38
24 39
24 42
24 47
25 48
25 33
25 27
26 58
26 60
27 54
27 59
27 44
27 45
27 46
28 37
28 60
29 34
31 35
32 35
33 48
33 58
33 45
34 38
34 55
34 46
35 50
35 59
36 50
37 55
38 54
38 56
38 46
39 51
39 55
39 47
41 54
42 47
43 44
43 45
44 45
46 48
47 53
47 61
48 60
51 52
51 55
51 56
51 58
51 61
52 55
54 55
54 57
54 58
55 58
55 61
56 61

54 62
33 58
27 46
48 63
7 64
7 41
12 20
61 65
37 55
5 52
28 37
23 66
27 67
33 45
38 68
56 69
0 52
34 46
3 70
60 71
10 28
18 72
47 73
26 74
6 60
55 75
1 76
51 58
68 77
8 78
42 79
20 24
11 80
27 59
16 57
51 81
52 81
47 82
39 83
6 84
22 68
58 85
1 86
21 87
18 29
36 50
27 62
4 16
38 88
28 71
61 82
8 69
10 73
23 89
20 90
18 42
21 54
34 91
9 65
14 32
14 31
24 68
6 68
52 72
52 55
39 51
39 55
17 50
35 50
54 77
34 77
48 71
19 56
6 64
6 76
75 92
41 54
7 30
1 41
0 28
58 90
26 90
25 63
33 63
17 31
16 31
31 35
72 84
51 84
22 84
23 49
7 13
2 65
35 59
17 59
16 59
59 80
67 89
45 89
43 89
32 80
17 80
16 80
64 79
47 79
24 79
86 87
20 87
61 69
69 72
51 69
22 69
58 78
18 78
46 48
3 48
45 67
44 67
25 33
11 33
61 72
55 61
51 61
76 83
64 83
47 83
24 83
75 85
54 85
70 74
60 74
10 74
64 76
47 76
24 76
60 70
10 70
57 62
56 88
0 88
55 72
51 72
22 72
54 75
53 73
51 55
22 55
47 64
24 64
44 45
43 45
43 44
42 86
20 86
38 46
3 46
35 66
32 66
17 66
16 66
34 92
1 92
32 35
17 35
16 35
29 91
21 91
26 58
18 58
25 27
11 27
24 47
23 40
22 51
21 29
20 42
18 26
17 32
16 32
16 17
15 81
11 25
10 60
9 37
8 82
7 12
3 38
2 5
1 34
0 56
end
93
44
45.8.23.37
46
47.30.20.28
48
49
50.51.20.45
51.23.55.11.4
52.38.29
53
10
54.7.19.1
55
11
56
12
57
13
14.52.40.0.24.3
58
15.45.59.24
59.8.36.3
16
17.31.22
18
19
0.14.15.40
1.19.54.41.36
2
3
4
5
6
7
8.45.37.20
9
60
61
20.47.28
21.33.37
22
23
24.45.14.15
25
26
27
28
29.51.21.18.45.24
30.47.42.28
31
32
33.38.50.16.21.37.14.43
34
35
36.59.20.37.23.40
37.33.34.16.21.14.43
38.44.58.20
39
40.14.15.0.52
41
42.50.47.10.0
43.14.33.37.38.29
36.39.1
30.7.19
51.45.50.21.18.24.29
43.46.53
17.57.6.13.9
1.17.26.27
20.50.16.18
38.14.33.16.52.43
47.10.0.42
42.30.2
14.33.34.38.50.16.37.43
29.35.10
0.47.10.42
37.40.36
45.51.50.21.18.29
20.8.36
52.14.40
24.51.18.29
54.57.6.13.41
33.34.12
29.52.43
21.51.18.45.29
50.33.16.14
40.36.37
45.15.59.24
59.15.45
20.44.38
17.1.25.27
15.0.40
8.59.3
37.45.8
